# Created by Octave 4.2.1, Tue Aug 15 14:56:17 2017 BRT <aluno@cefet-2017>
# name: me
# type: matrix
# rows: 27
# columns: 3
 2104 3 3999
 1600 3 3299
 2400 3 3690
 1416 2 2320
 3000 4 5399
 1985 4 2999
 1534 3 3149
 1427 3 1989
 1380 3 2120
 1494 3 2425
 1940 4 2399
 2000 3 3470
 1890 3 3299
 4478 5 6999
 1268 3 2599
 1437 3 4499
 1239 3 1509
 2132 4 1667
 4215 4 5948
 2162 4 4718
 1664 2 3932
 2238 3 2011
 2567 4 4538
 1200 3 2251
 852 2 2617
 1852 4 4084
 1203 3 3523


